function [V1,V2,R1,R2,R3] = VR2()
V1 = 12;
V2 = 15;
R1 = 22;
R2 = 22;
R3 = 22;
end

