function [V1,V2,R1,R2,R3] = VR3()
V1 = -15;
V2 = -9;
R1 = 55;
R2 = 40;
R3 = 70;
end
